           508   3.82373e-05       189.953       36.9907       93.6824           107            21            15             4            67
           508   3.82373e-05      0.209477       51.4764       146.791            86            28            22             4            32
           508   3.82373e-05       16.3919       87.0518       71.8371           135            34            35             9            57
           508   3.82373e-05       28.5578       186.893       135.939           311            96           101            26            87
           508   3.82373e-05       29.8112       69.9333       8.35557            90            25            18             0            47
           508   3.82373e-05         29.85       55.2701       70.4495           101            34            20             3            43
           508   3.82373e-05       36.2727        11.524        45.175           145            33            27             9            74
           508   3.82373e-05       38.9524       14.8571       18.0002            21            10             7             2             2
           508   3.82373e-05       46.9278       46.1273       177.302           464           156           159            35           107
           508   3.82373e-05       48.2274       100.863       51.4546            22             9             6             2             5
           508   3.82373e-05       49.7941       51.3823       85.8237            34            10             3             0            21
           508   3.82373e-05         57.45         171.7       99.5502            20             8             6             1             5
           508   3.82373e-05       69.2273       87.3635       28.3637            22             5             8             2             7
           508   3.82373e-05       76.0952       183.667       129.905            21             8             8             2             3
           508   3.82373e-05       83.2195       60.4814       125.626           216            59            42             4           109
           508   3.82373e-05       83.1333       144.093       163.307            75            25            19             3            28
           508   3.82373e-05       90.4742       140.516       143.233           331            90            89            24           124
           508   3.82373e-05       106.405       92.0668        26.833           211            61            53            16            80
           508   3.82373e-05       105.885       7.37933       140.966            87            23            23             9            32
           508   3.82373e-05       126.428       78.9526       4.11432           105            22            21             7            55
           508   3.82373e-05       151.349       141.356       35.8524           150            47            33             6            63
           508   3.82373e-05       159.158       17.9773       170.173           398           122           126            25           125
           508   3.82373e-05       158.781       32.6564       26.0625            33             9             6             2            15
           508   3.82373e-05        164.04        171.28         93.96            25            11             6             1             7
           508   3.82373e-05        165.05          90.4       99.4502            20            11             6             0             3
           508   3.82373e-05       171.244       139.186       37.0815           174            53            49            13            57
           508   3.82373e-05       179.885       102.605        41.542           465           154           145            33           129
           510   4.22901e-05       188.462       32.5497            92           173            47            38             2            84
           510   4.22901e-05       191.458       50.9035       142.771            83            20            15             2            46
           510   4.22901e-05       17.5915       89.1096       72.5001           164            38            39             7            80
           510   4.22901e-05       19.6086       176.217       71.3479            23            11            10             1             1
           510   4.22901e-05       26.3882       53.8812       68.0592           154            39            37            13            63
           510   4.22901e-05       28.8086        187.54       136.371           404           129           129            31           113
           510   4.22901e-05       32.2131       69.9262       10.9263           122            31            23             6            62
           510   4.22901e-05       36.0468       10.7955       45.0172           175            39            30             2           100
           510   4.22901e-05       47.0697       46.3388       177.077           564           201           197            41           119
           510   4.22901e-05        53.597       51.9999       85.5557            72            23            23             3            23
           510   4.22901e-05       64.3913       105.392       88.6955            23            10             9             0             4
           510   4.22901e-05       82.7115       60.3457        126.01           300            89            61            14           134
           510   4.22901e-05       82.1852       142.124        163.63            82            22            20             4            35
           510   4.22901e-05       91.3745       141.405       143.879           423           134           121            30           137
           510   4.22901e-05       104.009       5.75909       139.732           108            30            32             3            43
           510   4.22901e-05       106.311         91.59       26.8205           254            70            71            19            91
           510   4.22901e-05        115.04       88.9202        155.76            25             8            13             3             1
           510   4.22901e-05       128.378       81.1858       5.96151           156            43            39             7            67
           510   4.22901e-05       152.505       141.567        35.397           194            60            50            14            70
           510   4.22901e-05       159.076       17.3171       170.107           513           156           169            40           143
           510   4.22901e-05        171.49       139.699       37.3209           247            73            75            22            73
           510   4.22901e-05       179.886       102.787        41.856           541           181           173            38           143
           512    4.6355e-05       190.376       33.3124       92.0237           256            68            64            18           103
           512    4.6355e-05       3.12514       51.6582       141.433           120            28            25             6            61
           512    4.6355e-05       1.68187       105.909           156            22            11             3             1             7
           512    4.6355e-05       18.2095       90.2918        73.488           210            49            48            11           101
           512    4.6355e-05       21.2799       73.9599        109.72            25            10             5             2             8
           512    4.6355e-05        26.018       54.8861       69.7066           169            55            43             5            64
           512    4.6355e-05       29.1185       187.647        136.71           451           138           141            39           130
           512    4.6355e-05       29.0323       66.5158       9.51657           188            51            46             9            80
           512    4.6355e-05       34.8571           133       70.5713            28            10             6             2            10
           512    4.6355e-05       36.8939       10.4094       43.9791           238            58            48            10           121
           512    4.6355e-05       37.4093       127.909       66.2275            22             7             7             4             4
           512    4.6355e-05       47.2375       46.8507       177.357           651           216           235            49           145
           512    4.6355e-05       54.3514       49.6215       86.7476           111            35            27            10            39
           512    4.6355e-05       66.2401       178.279            35            25            11            11             2             1
           512    4.6355e-05       67.2963       104.556       92.8519            27             5             5             2            15
           512    4.6355e-05       78.6083       140.567       158.825            98            27            22             4            44
           512    4.6355e-05       79.0572       145.229       84.3999            35             8             6             1            20
           512    4.6355e-05       82.6583       59.8961       125.134           357           102            86            18           151
           512    4.6355e-05       90.9942       141.684       143.355           487           147           146            42           149
           512    4.6355e-05       104.023       6.86437       139.531           181            54            49            14            60
           512    4.6355e-05       105.386       90.7625       27.0252           320           105            95            19            97
           512    4.6355e-05       126.984       80.8766       3.74188           187            49            56            11            70
           512    4.6355e-05        151.51       141.651       36.1245           253            83            79            14            73
           512    4.6355e-05       159.372       17.6074       170.179           608           195           200            38           168
           512    4.6355e-05       171.521       139.339       37.1955           386           125           130            32            97
           512    4.6355e-05       172.074       190.519       23.9262            27             9            11             3             4
           512    4.6355e-05       179.561       102.841       41.3813           625           203           209            44           165
           514   5.04424e-05       190.708       33.8641       92.4661           342            96            92            24           127
           514   5.04424e-05     0.0964204       50.3481       142.096           137            30            27             9            69
           514   5.04424e-05       19.3462       91.3742       74.2918           261            66            66            17           108
           514   5.04424e-05       25.4972       53.9486       70.3312           175            49            42             6            78
           514   5.04424e-05       28.6038       65.9192       8.44605           262            73            70            20            97
           514   5.04424e-05       29.0823        187.57       136.935           515           169           160            35           147
           514   5.04424e-05       36.7384       11.7809        45.244           284            78            62             8           135
           514   5.04424e-05       47.5192       46.8901       177.444           757           247           278            63           161
           514   5.04424e-05       54.2694       48.1702       85.6666           142            43            40             6            52
           514   5.04424e-05       73.6118       139.776       79.2538            67            15            16             4            32
           514   5.04424e-05       75.5264       139.534       156.641           131            40            34             4            53
           514   5.04424e-05       82.1441        60.283       125.984           387            98            88            20           176
           514   5.04424e-05       91.4272        141.32       143.311           548           163           164            42           168
           514   5.04424e-05       92.3333       142.143       38.4286            21             4             3             2            12
           514   5.04424e-05       102.858       6.15927       138.311           220            73            63            14            69
           514   5.04424e-05       105.143       91.1219       26.7169           378           119           115            29           115
           514   5.04424e-05       126.661       80.9502       4.61171           244            71            65            14            92
           514   5.04424e-05       151.486         141.7       35.8069           302           103            98            13            86
           514   5.04424e-05       158.829       17.6459       170.296           750           247           250            53           198
           514   5.04424e-05       171.941       140.047       37.7532           407           141           136            28           100
           514   5.04424e-05       179.471       102.661       41.5458           726           238           234            53           189
           516   5.45482e-05       190.379       33.8946       91.8731           428           121           126            37           141
           516   5.45482e-05       191.536       50.6525       142.446           166            41            31             9            83
           516   5.45482e-05       19.4389       91.0438       74.3512           323            95            83            19           122
           516   5.45482e-05       29.3975       187.915       137.711           625           204           203            45           169
           516   5.45482e-05       27.2153        55.595       71.8665           195            56            43             5            91
           516   5.45482e-05       28.2049       66.4281       8.90992           280            76            80            20           102
           516   5.45482e-05       35.4533       11.5284       44.4481           337            93            76            14           150
           516   5.45482e-05       47.4354       47.0232       177.506           861           285           325            67           181
           516   5.45482e-05       51.6564       47.8817       83.7284           197            64            51            12            68
           516   5.45482e-05       69.1429       32.3337       50.3334            21             6             9             4             2
           516   5.45482e-05       75.6901       140.305       157.975           204            62            57            12            69
           516   5.45482e-05         75.25       138.022       78.5869            92            29            19             6            38
           516   5.45482e-05       82.0119       59.4957       125.425           495           138           124            25           205
           516   5.45482e-05       91.6371        141.58       143.346           640           185           200            55           190
           516   5.45482e-05       103.395       6.84227       137.672           288            97            88            19            82
           516   5.45482e-05       105.209       90.7565       27.2609           473           144           152            45           127
           516   5.45482e-05       127.344       81.9201       5.67017           291            82            78            26           102
           516   5.45482e-05       151.579       141.767       36.0613           378           122           128            22           101
           516   5.45482e-05       158.766       17.3192       170.253           881           285           298            67           222
           516   5.45482e-05       171.904       139.805       37.8699           463           151           159            37           114
           516   5.45482e-05       179.637       103.224       41.6286           842           284           284            56           205
           518   5.86847e-05       190.857        33.462        92.208           529           147           169            49           159
           518   5.86847e-05        191.02       49.7651       144.695           200            59            42             8            91
           518   5.86847e-05       19.5266       90.9685       74.3173           378           120            99            14           145
           518   5.86847e-05       29.0351       188.026       137.615           717           232           232            50           193
           518   5.86847e-05       27.4878       57.0765        71.609           252            71            61            16           100
           518   5.86847e-05       27.9347       66.3413       8.56567           325            97            93            22           110
           518   5.86847e-05       26.3334       124.571       96.2857            21            10             7             1             3
           518   5.86847e-05       36.8884       12.1262       44.7428           409           109           102            17           176
           518   5.86847e-05       47.4796       47.0303       177.605           993           328           364            82           210
           518   5.86847e-05       52.1118       47.5091          83.5           232            79            68             8            77
           518   5.86847e-05       74.1902       138.174       157.244           242            61            66            21            94
           518   5.86847e-05        76.472       140.943       81.1269           144            43            33             6            60
           518   5.86847e-05       82.1679        59.976       126.008           585           173           156            35           219
           518   5.86847e-05       91.4591       141.554        143.41           771           249           255            51           210
           518   5.86847e-05       102.918       7.21261       137.731           358           131           113            18            91
           518   5.86847e-05       105.006       90.3425       26.8075           543           166           177            53           144
           518   5.86847e-05       127.829       82.3724       5.48325           372           115           101            25           127
           518   5.86847e-05       151.871       141.845       35.9771           438           143           144            33           113
           518   5.86847e-05       158.634        17.184       170.244          1010           336           350            79           235
           518   5.86847e-05       171.663        140.08       37.6373           544           177           190            41           132
           518   5.86847e-05       179.405       102.919        41.702           967           330           343            63           224
           520   6.28517e-05       190.601       33.0968       92.4004           663           204           203            58           187
           520   6.28517e-05       190.521       49.7798       143.627           238            60            59            14           103
           520   6.28517e-05        20.361       91.2987       74.3572           471           148           115            27           175
           520   6.28517e-05       28.8917       187.945       137.264           820           270           268            60           214
           520   6.28517e-05       28.6976        57.705       71.2773           282            88            68            12           110
           520   6.28517e-05       28.4169       67.1031       9.03678           351           105           102            22           121
           520   6.28517e-05       36.6292       11.8973        44.275           522           145           143            32           193
           520   6.28517e-05       47.7989       47.2171       177.863          1107           383           403            78           233
           520   6.28517e-05       52.4779       47.6917       82.9534           302           105            94            11            91
           520   6.28517e-05        74.635       138.077       156.926           287            76            80            25           104
           520   6.28517e-05       75.5093       141.074       80.9723           217            67            57            12            80
           520   6.28517e-05       83.1698       60.6512       126.249           676           207           192            45           227
           520   6.28517e-05       82.0476       174.381       10.0479            21             9             6             2             4
           520   6.28517e-05       91.2019       141.292       142.971           836           268           284            57           219
           520   6.28517e-05       88.1903       112.667       144.048            21             7             8             4             2
           520   6.28517e-05       103.284       6.58452       137.378           437           153           148            29           103
           520   6.28517e-05       104.658       90.4935       26.9089           621           203           203            48           164
           520   6.28517e-05        128.09       82.8239       5.52652           417           118           125            27           144
           520   6.28517e-05         144.6       32.9667         172.2            30            11            11             4             4
           520   6.28517e-05        151.58       142.191       35.7612           528           177           179            37           131
           520   6.28517e-05       158.349        16.778       169.928          1186           407           414            87           266
           520   6.28517e-05       171.423       140.084       37.3475           657           216           228            55           152
           520   6.28517e-05        179.18        102.65       41.4506          1119           388           402            72           248
           522   6.70557e-05       190.564       33.3933       92.1926           718           222           230            49           212
           522   6.70557e-05       190.537       48.8623       142.061           300            87            83            15           113
           522   6.70557e-05       20.7636       92.5823       75.0462           527           165           142            24           189
           522   6.70557e-05       29.0046       188.081       137.242           933           313           312            56           243
           522   6.70557e-05       28.3127       57.7212       72.0522           331            94            89            14           129
           522   6.70557e-05       28.0729       67.3902       8.80635           400           119           120            24           134
           522   6.70557e-05       36.6163       11.9936       44.1473           601           182           172            33           210
           522   6.70557e-05       47.7447       47.1495        177.65          1245           423           463           102           240
           522   6.70557e-05       52.8528       47.7533       82.5997           348           120            99            16           105
           522   6.70557e-05       74.9758       137.671       157.472           329            95            96            26           109
           522   6.70557e-05        74.659        141.05       81.5486           301            88            91            22            98
           522   6.70557e-05       82.5289        60.325       126.258           736           220           215            50           244
           522   6.70557e-05         91.07       141.173        142.85           929           314           309            70           230
           522   6.70557e-05       104.746       90.4832       27.3067           728           238           251            57           180
           522   6.70557e-05       103.274       6.18501        137.56           536           185           185            39           121
           522   6.70557e-05        128.47       82.6246       6.03859           450           121           140            28           156
           522   6.70557e-05       151.659       142.531       35.7739           625           207           216            54           143
           522   6.70557e-05       158.427       16.9111       169.819          1333           446           470           107           290
           522   6.70557e-05       166.821       119.107       131.143            28            11            11             2             4
           522   6.70557e-05        171.67        139.92       37.4616           722           237           250            63           165
           522   6.70557e-05       171.739       119.913       172.043            23             9             5             0             9
           522   6.70557e-05       179.251        102.93       41.5463          1188           401           425            83           271
           524   7.12901e-05       190.246       33.3041       91.8704           820           256           267            50           240
           524   7.12901e-05       189.897        48.726       141.106           360           114           104            15           125
           524   7.12901e-05       21.3744        92.744       74.7622           589           185           158            32           210
           524   7.12901e-05       29.2489       188.195       137.424          1056           355           350            76           265
           524   7.12901e-05       27.9588       57.7159       71.7368           397           120           111            20           140
           524   7.12901e-05       27.5427       66.9828       8.90021           474           151           145            36           138
           524   7.12901e-05       36.2692       11.8054       44.4056           702           216           207            38           237
           524   7.12901e-05       47.7831        47.173       177.589          1354           447           516           116           262
           524   7.12901e-05       52.1406       47.5016       82.7799           410           138           126            20           121
           524   7.12901e-05       73.8446       137.233       156.472           378           117           113            21           122
           524   7.12901e-05       75.5482         141.7       82.3163           385           137           113            17           116
           524   7.12901e-05       81.7005       59.8469       126.129           804           230           247            64           258
           524   7.12901e-05        91.069       141.185       142.793          1064           357           367            73           251
           524   7.12901e-05       103.383       5.98792       137.507           572           202           201            38           123
           524   7.12901e-05       105.003       90.6121       27.4367           831           276           284            61           200
           524   7.12901e-05       128.736        82.606       6.11638           538           147           168            44           174
           524   7.12901e-05       151.658       142.656       35.5855           755           243           264            73           170
           524   7.12901e-05       158.285       16.6713       169.796          1451           476           531           120           309
           524   7.12901e-05         171.6       139.897       37.2107           789           271           274            62           175
           524   7.12901e-05       171.569       114.517       173.638            58            24            19             0            15
           524   7.12901e-05       179.115        102.79       41.5631          1274           427           448            90           294
           526   7.55554e-05       190.077       33.3865       91.9775           958           301           313            64           266
           526   7.55554e-05       188.876       47.8426       141.393           390           111           112            23           141
           526   7.55554e-05        21.234       92.4095       74.8834           690           219           188            44           234
           526   7.55554e-05       29.5955       188.463       137.448          1128           372           393            64           289
           526   7.55554e-05         28.09       57.4118       71.7392           457           136           133            32           155
           526   7.55554e-05        28.199       67.9105       9.31898           532           182           168            30           147
           526   7.55554e-05        36.213        11.964       44.5677           823           250           250            48           266
           526   7.55554e-05       47.9867       47.3037       177.773          1499           505           574           131           277
           526   7.55554e-05       52.4769        47.104       83.0972           464           150           156            26           130
           526   7.55554e-05       73.8845       136.838       156.178           436           126           134            34           139
           526   7.55554e-05       75.9093       142.225       83.0128           467           147           148            36           132
           526   7.55554e-05       81.9947        59.754       125.982           908           258           280            79           284
           526   7.55554e-05       90.8235       141.055       142.794          1158           391           403            81           274
           526   7.55554e-05       104.815         90.41       27.3302           924           314           324            69           210
           526   7.55554e-05       103.407       6.22287        138.16           617           214           224            38           135
           526   7.55554e-05       128.677       82.9618       6.24846           601           173           190            51           186
           526   7.55554e-05       151.777       142.518       35.9118           834           278           289            83           179
           526   7.55554e-05       158.014       16.6024       169.725          1586           536           580           127           325
           526   7.55554e-05       171.556       139.977       37.2078           821           267           295            64           192
           526   7.55554e-05       171.318       118.455       172.795            45            15             9             2            18
           526   7.55554e-05       178.897       102.533       41.3514          1422           480           509            98           319
           528   7.98611e-05       190.042       33.1214        91.833          1075           339           360            78           289
           528   7.98611e-05        189.42       47.5675       141.669           476           147           136            34           152
           528   7.98611e-05       21.1754       91.8937       74.9369           754           239           227            44           238
           528   7.98611e-05       27.3479       56.8034        70.811           534           177           158            25           169
           528   7.98611e-05        28.396        68.037       9.46327           622           215           206            35           160
           528   7.98611e-05        29.753       188.592       137.522          1269           418           440            86           313
           528   7.98611e-05       36.1461       11.6409       44.4218           899           274           283            55           278
           528   7.98611e-05       48.0077       47.5429         177.9          1620           565           613           122           299
           528   7.98611e-05       52.7351       47.6634       83.1837           522           167           176            31           143
           528   7.98611e-05       74.2495       137.195       156.167           515           159           159            43           152
           528   7.98611e-05       75.7484        142.24        83.077           560           177           189            44           145
           528   7.98611e-05       81.4322       59.2441       125.767          1036           310           320            75           317
           528   7.98611e-05       90.8922       141.214       142.735          1286           443           459            83           290
           528   7.98611e-05        103.19       5.48891       137.835           717           239           257            55           154
           528   7.98611e-05       104.662        90.228       27.0817          1010           336           372            72           225
           528   7.98611e-05       128.424       83.0327        5.9203           652           177           209            57           202
           528   7.98611e-05       151.646        142.32       35.9788           900           303           314            77           194
           528   7.98611e-05       157.959       16.5177       169.504          1725           579           629           141           355
           528   7.98611e-05        171.68       139.884       37.0795           925           321           331            62           204
           528   7.98611e-05         178.8       102.293       41.1244          1504           523           528            93           345
           528   7.98611e-05       171.981       117.962       173.327            52            13             9             4            26
           530   8.42051e-05       190.143       33.3958       91.9288          1158           363           387            96           303
           530   8.42051e-05       189.546       48.0306       142.062           493           153           145            33           158
           530   8.42051e-05       21.0189       91.4463       74.8971           868           276           269            55           257
           530   8.42051e-05       27.4777       56.6839       70.9014           603           173           198            50           178
           530   8.42051e-05        29.518       188.517       137.414          1380           464           472           101           329
           530   8.42051e-05       28.1294       67.6282       9.16526           680           230           233            40           175
           530   8.42051e-05       35.7573       11.2175       44.1238          1015           329           320            58           299
           530   8.42051e-05       48.1867       47.6569        177.95          1721           594           648           148           311
           530   8.42051e-05       52.9257        47.429       83.0559           599           187           198            47           160
           530   8.42051e-05        73.773       136.824       155.416           595           191           184            39           172
           530   8.42051e-05       76.2583       142.177       83.5949           614           197           199            53           159
           530   8.42051e-05       81.6834       59.3139       125.681          1146           356           361            83           338
           530   8.42051e-05       91.2232       141.331       142.594          1402           479           502           105           304
           530   8.42051e-05       104.711       90.2607       27.1031          1121           371           395            96           247
           530   8.42051e-05       103.145       5.38189       137.873           799           272           293            61           166
           530   8.42051e-05        128.21       82.7143       5.63248           740           217           239            65           214
           530   8.42051e-05       151.893       142.475       35.9515           994           332           358            82           217
           530   8.42051e-05       157.989       16.4231       169.605          1859           624           671           156           386
           530   8.42051e-05       171.731        140.05       37.0314          1008           355           352            73           218
           530   8.42051e-05       178.782       102.367       40.8934          1645           578           573           114           360
           530   8.42051e-05       173.367       116.956       170.882            69            17            14             4            33
           532   8.85942e-05       190.022       33.2669       91.8556          1265           423           420            87           325
           532   8.85942e-05       189.778       48.5334       142.201           530           179           151            23           174
           532   8.85942e-05       21.0948       91.5569       74.8097           941           299           299            64           275
           532   8.85942e-05       27.3358       56.6501       70.8743           674           211           220            46           190
           532   8.85942e-05       29.5247       188.641       137.536          1485           499           513           109           348
           532   8.85942e-05       27.8155       67.1411       9.02349           752           258           250            48           187
           532   8.85942e-05       35.3576       10.9727       44.0973          1175           380           391            74           317
           532   8.85942e-05       48.0627       47.6673        177.68          1854           646           707           151           335
           532   8.85942e-05       53.0839       47.4279       83.2485           677           213           218            56           187
           532   8.85942e-05        73.425       136.721       155.358           658           224           198            38           192
           532   8.85942e-05       76.6048       141.872       83.4871           687           227           229            45           178
           532   8.85942e-05       81.8039        59.368       125.766          1223           374           390            90           358
           532   8.85942e-05       91.4518       141.428       142.665          1481           513           534           100           319
           532   8.85942e-05       103.104       5.55216       138.061           883           305           323            76           170
           532   8.85942e-05       104.591       90.5042       26.9907          1184           401           415            95           261
           532   8.85942e-05       128.441       82.8999        5.7865           855           258           288            72           230
           532   8.85942e-05       152.072       142.618       36.1356          1091           372           376            93           238
           532   8.85942e-05        158.02       16.3199       169.422          1994           671           734           156           410
           532   8.85942e-05       172.144       140.555       37.2885          1066           354           380            89           231
           532   8.85942e-05       166.952       146.905       177.524            21            12             7             0             2
           532   8.85942e-05        178.81       102.376       40.8893          1753           603           632           124           381
           532   8.85942e-05       172.877       114.889       167.667            81            25            16             0            40
           534   9.30182e-05       190.172       33.4857       91.9798          1382           470           471            94           339
           534   9.30182e-05       189.018       48.0458        142.22           617           205           184            31           189
           534   9.30182e-05       21.2367        91.711       74.7235          1040           330           326            73           298
           534   9.30182e-05       27.2447       56.5272       71.1181           783           260           260            54           205
           534   9.30182e-05       29.7383       188.756       137.511          1645           565           578           116           368
           534   9.30182e-05       28.1318       67.3731       9.08346           850           281           280            65           212
           534   9.30182e-05       35.3194       10.8913       44.0907          1250           412           421            75           329
           534   9.30182e-05        48.154       47.8524       177.976          1966           684           748           171           346
           534   9.30182e-05       52.6743       47.1967       83.1214           738           248           233            46           206
           534   9.30182e-05       73.0052       136.516       155.407           768           258           247            48           206
           534   9.30182e-05       77.4295       142.871       84.3437           770           254           267            47           193
           534   9.30182e-05       81.6578       59.1924       125.621          1374           434           439           104           376
           534   9.30182e-05       91.4105       141.373       142.493          1616           570           583           106           337
           534   9.30182e-05       103.102       5.54822       138.037          1000           356           360            78           194
           534   9.30182e-05        104.58       90.3567       26.8011          1307           432           474           117           276
           534   9.30182e-05         128.5       82.9383       5.87538           955           297           320            82           245
           534   9.30182e-05       151.921       142.526       36.1241          1129           386           388            93           255
           534   9.30182e-05       158.036        16.273       169.536          2168           740           803           183           420
           534   9.30182e-05       171.845       140.539       37.0485          1111           373           400            82           242
           534   9.30182e-05       178.824       102.215       40.9519          1861           645           667           129           403
           534   9.30182e-05       176.177       115.118       170.294            68            15             9             1            43
           536   9.74969e-05       189.804       33.1265       91.9854          1499           519           512           101           352
           536   9.74969e-05       189.158       47.8317       142.387           677           219           214            38           201
           536   9.74969e-05       21.2791       91.8465       74.6921          1148           365           372            77           327
           536   9.74969e-05       28.4083       67.9535       9.49871           897           300           300            56           232
           536   9.74969e-05       27.2759       56.5502       71.4559           787           248           255            62           218
           536   9.74969e-05       29.7716       188.791       137.501          1799           613           645           131           394
           536   9.74969e-05       35.2389       10.8953       44.0901          1427           483           462            90           371
           536   9.74969e-05       48.1256       47.7805       177.976          2089           746           779           168           379
           536   9.74969e-05       52.6655       47.1998       83.0996           780           244           259            60           210
           536   9.74969e-05       73.2329       136.212       155.618           807           270           260            58           211
           536   9.74969e-05       77.2051       142.788        84.129           894           298           318            63           208
           536   9.74969e-05       81.5105            59       125.643          1459           472           480           102           395
           536   9.74969e-05       91.4749       141.506       142.546          1737           612           630           129           351
           536   9.74969e-05       103.208       5.64576       138.251          1057           375           398            71           202
           536   9.74969e-05       104.427       90.1862       26.7241          1429           469           520           125           298
           536   9.74969e-05       128.444       82.8529       5.69473          1051           345           351            90           259
           536   9.74969e-05       152.172       142.589       36.3093          1198           407           432            88           262
           536   9.74969e-05       158.062       16.1858       169.513          2252           780           817           186           448
           536   9.74969e-05       171.479       140.271       36.7702          1180           398           432            88           249
           536   9.74969e-05       178.803       102.215       40.9279          2050           727           744           139           426
           536   9.74969e-05       173.556       116.296        169.37            81            16            12             7            46
           538    0.00010202       189.693       33.0538       91.7426          1619           549           559           122           378
           538    0.00010202       189.005       47.9484       142.414           740           241           231            45           219
           538    0.00010202       21.5392       91.7776       75.0105          1237           396           401            83           345
           538    0.00010202       26.7403       56.8411       71.1497           875           282           285            66           232
           538    0.00010202       28.1686       67.8017       9.34547           989           327           336            77           242
           538    0.00010202       29.6081       188.671       137.397          1913           670           700           125           404
           538    0.00010202       35.3252        11.076       44.1888          1520           524           520            84           382
           538    0.00010202       48.3326       48.2001       178.224          2243           790           838           188           401
           538    0.00010202       52.7929       47.6624       83.1829           842           259           274            74           231
           538    0.00010202       73.2096       136.059       155.644           871           276           293            75           225
           538    0.00010202        77.044       142.937       84.2141           981           329           349            76           216
           538    0.00010202        81.443       58.9694       125.745          1570           515           518           107           416
           538    0.00010202       91.5148       141.384       142.512          1878           658           687           135           374
           538    0.00010202       104.359       90.3385       26.9005          1566           513           573           142           321
           538    0.00010202        103.46       5.80414       138.316          1162           408           436            93           218
           538    0.00010202       128.727       82.9746        5.9998          1174           378           409            86           287
           538    0.00010202       152.235       142.727       36.6017          1310           435           471           114           276
           538    0.00010202       158.124       16.1496       169.506          2389           820           892           190           465
           538    0.00010202       171.775       140.348       36.9126          1265           426           457            98           268
           538    0.00010202       169.059       117.872       166.842           103            21            15             6            59
           538    0.00010202       178.718       102.133       40.7974          2178           755           813           156           431
           540   0.000106596       189.392       32.8573       91.6631          1723           585           601           119           399
           540   0.000106596       188.815       47.6048       142.684           826           271           257            53           236
           540   0.000106596       21.5745       91.6968       74.8924          1302           401           426            99           362
           540   0.000106596       29.5709       188.632       137.305          2045           708           751           149           412
           540   0.000106596       26.8294        57.006       70.9256           959           303           327            73           243
           540   0.000106596       28.7668       68.1195       9.57154          1094           376           382            72           252
           540   0.000106596       35.2407       10.9655       44.1449          1648           570           554            98           403
           540   0.000106596       48.3787       48.1436       178.186          2320           799           869           207           423
           540   0.000106596       52.7603       47.5906       83.0903           943           306           320            64           244
           540   0.000106596       73.1353       136.225       155.673           929           300           315            74           236
           540   0.000106596       76.9985       142.504       83.8958          1059           364           382            68           230
           540   0.000106596       81.3617       59.1267       125.787          1668           551           567           109           435
           540   0.000106596       91.6063       141.625        142.53          2008           723           733           137           395
           540   0.000106596       103.321       5.54707       138.144          1290           460           491            99           232
           540   0.000106596       104.267       90.2491       26.9137          1670           548           614           153           341
           540   0.000106596       120.472       32.7501       60.9448            36             9             5             4            18
           540   0.000106596       128.711       82.8775       5.97362          1246           396           443           105           293
           540   0.000106596       152.154       142.561       36.4521          1415           464           511           135           292
           540   0.000106596       158.152       16.0725       169.446          2539           882           948           198           487
           540   0.000106596        171.67       140.393       36.8454          1323           465           472            93           281
           540   0.000106596       171.064       120.319       168.787           141            34            34             6            67
           540   0.000106596       178.974        102.09       40.7998          2316           819           859           165           449
           542    0.00011122       189.527       32.8946       91.7577          1822           624           649           118           418
           542    0.00011122       188.387       47.4801       142.482           867           287           284            45           241
           542    0.00011122       21.4031       91.6075       74.9203          1446           471           476           112           372
           542    0.00011122       29.4543       188.639       137.379          2117           758           777           137           426
           542    0.00011122       26.9418       57.3761       71.0998          1048           338           361            94           250
           542    0.00011122       28.3369       67.8974       9.24643          1205           391           431            97           272
           542    0.00011122       35.0407       10.7354       44.1118          1785           610           613           121           422
           542    0.00011122       48.3263       48.0429       178.158          2455           854           923           209           437
           542    0.00011122       52.6502       47.4766       83.0148           985           322           328            78           247
           542    0.00011122       72.8335       136.161       155.635          1022           337           349            80           245
           542    0.00011122       77.0486       142.372       83.8467          1202           432           437            75           249
           542    0.00011122       81.3506       58.8024       125.744          1845           613           621           144           457
           542    0.00011122       91.6346       141.855       142.784          2162           771           800           151           419
           542    0.00011122       103.171        5.5301       138.168          1377           485           524           104           254
           542    0.00011122       104.378       90.2158       26.9632          1764           576           654           158           353
           542    0.00011122       128.424       82.6403        5.5339          1320           419           470           113           312
           542    0.00011122       121.736       31.0189       59.6416            53            19             9             3            22
           542    0.00011122       152.057       142.603       36.4314          1491           500           550           121           307
           542    0.00011122       158.007       16.0118       169.447          2657           916           991           212           514
           542    0.00011122       171.794        140.42       36.6665          1409           478           514           108           298
           542    0.00011122       170.952       119.267       168.521           146            31            30             9            76
           542    0.00011122       178.989       102.273       40.8763          2431           851           908           196           456
           544   0.000115895       189.384       32.8218       91.5644          2023           696           728           140           447
           544   0.000115895       188.352       47.3527       141.991           966           323           318            60           254
           544   0.000115895       21.4605       91.4807       74.8284          1535           498           514           114           395
           544   0.000115895         27.03         57.39       70.9288          1128           364           399            91           260
           544   0.000115895       29.5019       188.805       137.304          2261           807           844           157           434
           544   0.000115895       28.3824       67.8504       9.19787          1303           437           459           105           290
           544   0.000115895       35.4568       11.0146       44.3789          1868           636           655           121           442
           544   0.000115895       48.2697        47.986       178.176          2544           894           974           214           444
           544   0.000115895       52.6339       47.1593        82.752           993           325           330            67           262
           544   0.000115895       72.8637       136.251       155.564          1119           381           376            75           270
           544   0.000115895       77.3574       142.562       84.0309          1338           468           489            98           268
           544   0.000115895       81.5096       58.8614       125.864          1963           657           681           146           464
           544   0.000115895       91.7014       141.788       142.749          2326           824           865           171           436
           544   0.000115895       103.267       5.68275       138.282          1500           517           580           124           266
           544   0.000115895       104.384       90.0918       26.8732          1927           656           706           169           371
           544   0.000115895       128.563       82.8464       5.69958          1451           472           518           121           330
           544   0.000115895       122.283       36.3664          59.2            61            11            13             4            32
           544   0.000115895        151.99       142.807       36.5602          1612           542           594           139           324
           544   0.000115895       158.164       15.9532       169.572          2809           994          1044           218           532
           544   0.000115895       172.115       140.403       36.8791          1560           544           578           109           318
           544   0.000115895       168.187       118.994       165.632           183            46            37            10            89
           544   0.000115895       179.008       102.268       40.8524          2557           906           957           200           474
           546    0.00012063       189.359       32.6549       91.3007          2192           756           787           154           466
           546    0.00012063       188.474       47.3573       141.968          1063           353           361            73           268
           546    0.00012063       21.5931       91.5343       74.9576          1689           549           574           136           416
           546    0.00012063       27.0788       57.3676       71.0363          1181           393           423            86           269
           546    0.00012063       28.6405       68.1059       9.33164          1391           476           494           108           296
           546    0.00012063       29.4747       188.734       137.298          2431           862           917           178           452
           546    0.00012063       35.4903       10.9208       44.2493          2061           699           725           144           473
           546    0.00012063       48.1986       47.9652       178.067          2648           939          1011           216           459
           546    0.00012063       52.9953       47.7158       83.2897          1058           359           344            66           280
           546    0.00012063       72.8571       136.483       155.516          1210           404           416            94           284
           546    0.00012063        77.245       142.641       84.0293          1424           509           523           104           276
           546    0.00012063       81.5687        58.834       125.998          2070           684           737           158           480
           546    0.00012063       91.6554       141.888        142.74          2433           869           909           183           451
           546    0.00012063       103.055        5.4467        138.05          1593           558           616           130           278
           546    0.00012063       104.177       89.9861       26.9739          2007           670           758           173           382
           546    0.00012063        124.16       31.7799       63.4199           101            25            25             3            47
           546    0.00012063       128.755       83.0386        5.8303          1555           530           548           120           336
           546    0.00012063       151.877       142.926       36.6399          1703           573           626           145           339
           546    0.00012063       157.995       15.9599       169.413          2981          1052          1119           228           552
           546    0.00012063        172.22       140.439       36.9184          1684           570           628           143           333
           546    0.00012063       170.447        121.21       166.895           183            41            42             5            93
           546    0.00012063       179.156       102.449        40.974          2685           957          1012           195           496
           548   0.000125437       189.259       32.5874        91.257          2311           800           839           170           478
           548   0.000125437        188.83         47.88       142.181          1135           365           397            82           279
           548   0.000125437       21.6414       91.4409       75.0297          1795           586           621           144           428
           548   0.000125437       26.9457       57.0979       71.2159          1230           410           432            92           287
           548   0.000125437       28.7179       68.1257       9.23451          1490           506           528           124           316
           548   0.000125437       29.4685       188.844        137.22          2580           910           978           199           472
           548   0.000125437       35.4411       10.9717       44.1483          2210           748           785           162           490
           548   0.000125437       48.2946       48.0819       178.087          2789           977          1067           233           480
           548   0.000125437       53.1614       47.8617       83.2229          1129           372           385            67           291
           548   0.000125437       72.8122       136.421       155.603          1351           463           461           107           304
           548   0.000125437       77.3212       142.841       83.9213          1598           568           602           125           289
           548   0.000125437       81.5267       58.9003       126.008          2200           721           790           175           501
           548   0.000125437       91.6192       141.738       142.614          2528           907           961           187           455
           548   0.000125437       102.873       5.45512        137.91          1699           600           639           137           306
           548   0.000125437       104.449        89.909       27.1668          2166           725           822           198           403
           548   0.000125437       118.222       74.9629       100.333            27            15            10             0             2
           548   0.000125437       120.196       26.5329       57.1963           107            32            18             6            51
           548   0.000125437       128.673        83.059       5.89475          1634           539           588           133           358
           548   0.000125437       152.066       143.071       36.6726          1738           578           646           155           344
           548   0.000125437       157.999       15.8575       169.219          3099          1094          1169           239           572
           548   0.000125437       172.203       140.452       36.8595          1821           618           693           148           345
           548   0.000125437       179.208       102.518        40.925          2834          1020          1090           200           505
           548   0.000125437       171.562       123.358       167.342           241            73            57             7           103
           550     0.0001303       189.472       32.6441       91.3771          2424           829           898           186           491
           550     0.0001303       188.744       47.7191       142.077          1234           403           427           102           290
           550     0.0001303       21.6948       91.4059       75.0292          1856           605           655           143           437
           550     0.0001303       26.8301       57.1041        71.042          1287           424           446           106           301
           550     0.0001303       29.5274       188.911        137.16          2746           971          1050           195           510
           550     0.0001303       28.4933       67.9282       9.05773          1570           525           573           129           333
           550     0.0001303       35.3084       10.9326       44.0676          2318           781           845           163           508
           550     0.0001303       48.1664       48.0796       178.022          2850          1002          1097           238           488
           550     0.0001303        52.962       47.6489       83.2372          1221           396           421            90           301
           550     0.0001303       72.6699       136.338       155.471          1452           489           515           122           310
           550     0.0001303       77.1386       142.578       83.6643          1705           618           655           117           305
           550     0.0001303       81.4246       58.8048       125.956          2300           757           833           185           506
           550     0.0001303       91.7347       141.847       142.712          2675           961          1025           203           458
           550     0.0001303       102.755       5.49625       137.882          1789           623           679           153           318
           550     0.0001303       104.313       89.8422       27.0698          2258           765           859           208           410
           550     0.0001303        128.64       82.8628       5.88966          1745           572           633           146           371
           550     0.0001303       123.211       28.9199       60.1257           177            50            43            12            70
           550     0.0001303       152.132       143.095       36.7687          1810           614           683           148           352
           550     0.0001303       157.884       15.8517       169.231          3226          1136          1217           258           589
           550     0.0001303       172.113       140.383       36.7215          1918           649           726           169           354
           550     0.0001303       170.528       120.941       166.553           288            85            70            19           112
           550     0.0001303       179.297       102.507       41.0909          3003          1078          1149           228           516
           552   0.000135227       189.295       32.9005       91.3771          2556           883           948           195           507
           552   0.000135227       188.792       48.0787       142.279          1363           454           484           108           307
           552   0.000135227        21.586       91.3733       74.9847          1957           643           693           159           444
           552   0.000135227       26.6893       57.0079        70.651          1340           453           473            97           312
           552   0.000135227       29.5553       188.906       137.346          2948          1044          1120           224           536
           552   0.000135227       28.5267       67.7781       9.04035          1657           553           609           130           354
           552   0.000135227       35.1913       10.8841       44.0346          2442           832           885           174           525
           552   0.000135227       48.1045       48.1714       177.987          2976          1080          1140           225           502
           552   0.000135227       53.2754       47.7687       83.0531          1265           407           441            94           314
           552   0.000135227       50.9999        139.19       137.952            21             8             8             4             1
           552   0.000135227       73.2131       136.391        155.84          1512           503           542           125           321
           552   0.000135227       77.1447       142.616       83.6175          1859           661           718           148           318
           552   0.000135227       81.4363        58.862       125.979          2436           817           893           193           518
           552   0.000135227       91.7256       141.706       142.568          2810          1022          1084           194           482
           552   0.000135227       102.785       5.64696       138.086          1885           668           718           151           332
           552   0.000135227       104.358       89.9238       27.0368          2367           778           902           233           428
           552   0.000135227       122.526       28.9591       59.7627           202            58            50            17            73
           552   0.000135227       128.889       82.7183       5.95017          1855           619           677           154           393
           552   0.000135227       152.162       142.972       36.7706          1921           670           711           152           369
           552   0.000135227       157.885       15.7944       169.097          3453          1240          1310           270           604
           552   0.000135227       172.153       140.338       36.8245          1962           671           736           167           364
           552   0.000135227       169.251       120.347       165.448           351           114           100            19           118
           552   0.000135227       179.212       102.575       41.1323          3114          1114          1201           241           529
           554   0.000140226       189.352       33.0359       91.3754          2730           949          1021           213           519
           554   0.000140226       188.689       47.9411       142.093          1431           474           513           117           315
           554   0.000140226       21.7937       91.5421       75.2073          2029           680           724           148           453
           554   0.000140226       26.5163       57.1032       70.6966          1382           462           495           101           311
           554   0.000140226       28.5466       67.6811       9.01275          1778           604           653           139           368
           554   0.000140226        29.528       188.903       137.346          3093          1101          1182           243           547
           554   0.000140226        35.107       10.8079       43.8552          2577           872           950           189           544
           554   0.000140226       48.0043       48.2333       178.086          3102          1110          1191           255           521
           554   0.000140226       53.2379       47.8179       83.0228          1301           407           454           110           325
           554   0.000140226       72.9509       136.272       155.691          1580           541           578           127           322
           554   0.000140226       76.9521       142.614       83.5891          1976           706           761           150           340
           554   0.000140226       81.4207       58.8362       126.016          2571           856           944           208           538
           554   0.000140226       91.6821       141.679       142.321          3021          1081          1159           236           507
           554   0.000140226       102.911        5.6332       138.141          1920           675           734           162           336
           554   0.000140226       104.223       89.9095       26.9999          2505           862           959           226           432
           554   0.000140226       122.403       30.1494       61.1402           223            69            58            12            82
           554   0.000140226       128.967       82.7964       6.02216          1993           662           737           169           410
           554   0.000140226        152.06       143.045       36.6788          2049           700           770           174           380
           554   0.000140226       157.868       15.8047       169.144          3562          1272          1384           269           610
           554   0.000140226       172.267       140.358       36.8351          2011           685           759           173           377
           554   0.000140226       169.395       119.908       164.884           384           108           108            27           137
           554   0.000140226       179.127       102.515       40.9602          3253          1177          1254           249           539
           556   0.000145293       189.253       32.7435       91.2401          2858           993          1099           217           527
           556   0.000145293       188.715       47.9367       142.137          1506           486           537           127           336
           556   0.000145293       21.7898       91.5277       75.3559          2137           727           769           155           471
           556   0.000145293       26.4834        57.313       70.7346          1461           480           524           109           334
           556   0.000145293       29.5432       188.918       137.444          3238          1157          1237           254           557
           556   0.000145293       28.7647       67.7586       9.22581          1911           645           713           159           377
           556   0.000145293       35.1639       10.7669       43.7903          2713           922          1002           213           552
           556   0.000145293       48.2606       48.4734       178.297          3189          1147          1226           259           534
           556   0.000145293       52.9072       47.6314       82.8735          1384           437           487           114           334
           556   0.000145293       72.7728       136.085       155.512          1718           590           638           143           331
           556   0.000145293       76.8454       142.304       83.5162          2102           751           816           168           348
           556   0.000145293       81.6428       58.7542       126.024          2704           926           994           206           555
           556   0.000145293       91.7424       141.776         142.3          3123          1089          1223           260           526
           556   0.000145293       102.928       5.80054       138.231          1993           709           768           151           350
           556   0.000145293       104.243       89.9564       27.1436          2653           918          1026           231           451
           556   0.000145293       121.587       28.3574       59.7027           236            66            67            15            87
           556   0.000145293       128.847       82.7551        5.9028          2046           699           752           159           424
           556   0.000145293       152.122       143.109       36.7515          2149           740           820           183           388
           556   0.000145293       157.887       15.8404       169.103          3728          1334          1433           297           626
           556   0.000145293       169.182        120.25        165.19           436           135           127            27           139
           556   0.000145293       172.402       140.469        36.965          2154           744           811           184           388
           556   0.000145293       179.244       102.509       40.9501          3424          1245          1337           261           554
           558   0.000150424       189.328       32.9841       91.3594          2978          1036          1135           240           542
           558   0.000150424       188.836       48.1147       142.229          1605           530           576           134           352
           558   0.000150424       179.209       102.477       40.9379          3606          1303          1397           307           567
           558   0.000150424       21.4567       91.5331       75.1578          2235           740           809           187           482
           558   0.000150424       26.4444       57.1964       70.6592          1535           498           557           122           342
           558   0.000150424         29.52       188.904       137.275          3314          1185          1287           245           569
           558   0.000150424       28.8693       67.9298       9.10398          2055           716           766           173           378
           558   0.000150424       35.1198        10.786       43.9447          2837           961          1054           228           573
           558   0.000150424       48.1045       48.4286       178.278          3380          1219          1308           269           558
           558   0.000150424       52.9988       47.7583        82.878          1396           444           495           110           339
           558   0.000150424        72.676       136.056       155.464          1800           626           670           139           344
           558   0.000150424       76.6349       142.207       83.4098          2205           796           847           178           360
           558   0.000150424       81.5333       58.7035       125.874          2801           960          1041           202           570
           558   0.000150424       91.6986       141.872       142.295          3256          1157          1258           258           555
           558   0.000150424       102.953       5.80016       138.154          2132           758           818           173           368
           558   0.000150424       104.372       89.9442       27.0418          2778           960          1091           237           463
           558   0.000150424       123.659       28.7334       60.9803           258            66            71            22            96
           558   0.000150424       128.944       82.8949       6.00851          2083           688           773           181           433
           558   0.000150424        151.94       143.145       36.7692          2214           765           841           189           397
           558   0.000150424       157.924       15.7403        169.05          3902          1421          1503           295           643
           558   0.000150424       172.339       140.474       36.9517          2269           789           858           190           402
           558   0.000150424       170.137       120.127       165.367           514           170           162            30           150
           560   0.000155622       189.214       32.8341       91.2027          3041          1076          1150           236           555
           560   0.000155622       188.839       48.1404       142.076          1725           573           631           142           362
           560   0.000155622       21.5955        91.498        75.292          2330           792           847           184           488
           560   0.000155622       26.2705       56.9701       70.5112          1602           534           579           134           350
           560   0.000155622       29.4262       188.882       137.362          3458          1252          1343           250           584
           560   0.000155622       28.8479        67.873       9.14817          2077           707           779           183           389
           560   0.000155622       35.0617       10.7374       43.8722          2955          1013          1090           231           594
           560   0.000155622       48.0807       48.3261       178.275          3499          1243          1347           293           568
           560   0.000155622       52.9134       47.8674       82.8744          1455           472           516           113           345
           560   0.000155622       72.6925       136.081       155.517          1922           664           714           167           355
           560   0.000155622       76.7236       142.203       83.3233          2307           836           897           194           355
           560   0.000155622       81.4427       58.6113       125.769          2952          1030          1091           221           582
           560   0.000155622       91.7393       141.938       142.272          3370          1208          1310           259           560
           560   0.000155622       102.997       5.89121       138.305          2251           785           876           189           378
           560   0.000155622       104.352       89.9335       27.1821          2864          1005          1114           251           476
           560   0.000155622       123.649       29.4681       60.6623           301            90            84            23           102
           560   0.000155622       129.126       83.0359       6.19109          2146           722           795           172           440
           560   0.000155622       151.954        143.17        36.797          2234           785           859           172           406
           560   0.000155622        157.77       15.6146       168.967          4034          1463          1566           321           654
           560   0.000155622       172.378       140.578       36.9168          2316           816           876           187           414
           560   0.000155622       169.995       119.916       165.246           586           194           201            33           153
           560   0.000155622       179.259       102.467       40.9979          3733          1362          1461           294           583
