           508   3.82373e-05       190.119       37.2837       93.8358            68             1             0             0            67
           508   3.82373e-05      0.968702       51.2813       146.875            33             1             0             0            32
           508   3.82373e-05       16.4211       86.9825       71.7022            58             1             0             0            57
           508   3.82373e-05       27.2263       186.571       135.595            87             3             0             0            84
           508   3.82373e-05       30.2341       70.2128       8.68084            47             0             0             0            47
           508   3.82373e-05       29.4883       55.1861       69.9536            43             0             0             0            43
           508   3.82373e-05       36.4999       11.4189       45.0001            74             0             0             0            74
           508   3.82373e-05       48.4565        46.576       177.967            96             4             0             0            92
           508   3.82373e-05       49.6666       51.4761        86.143            21             0             0             0            21
           508   3.82373e-05       82.9537        60.565       125.648           111             3             0             0           108
           508   3.82373e-05       83.1786       143.857       163.179            29             0             0             1            28
           508   3.82373e-05       91.2951       140.484        143.23           127             5             0             0           122
           508   3.82373e-05       106.313       91.4874       26.0748            83             3             0             0            80
           508   3.82373e-05       104.967        6.8333         140.4            30             0             0             0            30
           508   3.82373e-05       126.636            79       3.92732            57             2             0             0            55
           508   3.82373e-05        151.46       141.333       35.8572            66             3             0             0            63
           508   3.82373e-05        159.22       17.1545       169.398           125             2             0             0           123
           508   3.82373e-05       171.053       139.561       36.2631            58             1             0             0            57
           508   3.82373e-05       177.893       100.843       41.2645           122             1             0             0           121
           510   4.22901e-05         191.6       50.6888       142.578            46             1             0             0            45
           510   4.22901e-05       17.1519       88.7468       71.7469            80             0             0             1            79
           510   4.22901e-05       28.3514       188.838       137.045           113             2             0             0           111
           510   4.22901e-05       26.9677       54.5966       68.5323            62             0             0             0            62
           510   4.22901e-05       32.4754       70.0329       11.1311            62             0             0             1            61
           510   4.22901e-05         35.83         10.48       44.9098           100             0             0             0           100
           510   4.22901e-05       49.3876       47.2526       178.495           117             6             0             0           111
           510   4.22901e-05       53.4091       51.7727       85.8183            22             0             0             0            22
           510   4.22901e-05       82.1893       59.9622        125.22           134             2             0             0           132
           510   4.22901e-05       81.6471       141.794       163.323            35             1             0             0            34
           510   4.22901e-05       93.2032       141.917       144.451           135             2             0             0           133
           510   4.22901e-05       103.536       6.26818       139.634            41             0             0             0            41
           510   4.22901e-05         107.2       92.6777       26.7889            91             1             0             0            90
           510   4.22901e-05       128.154       81.2461       5.81539            65             0             0             0            65
           510   4.22901e-05       153.529       142.294       35.2647            69             1             0             0            68
           510   4.22901e-05        158.53       15.8732       168.843           136             0             2             0           134
           510   4.22901e-05       171.729         141.2       37.6429            70             0             0             0            70
           510   4.22901e-05       178.252       101.815       41.7925           140             5             0             0           135
           510   4.22901e-05       188.337       32.1446       91.9037            84             1             0             0            83
           512    4.6355e-05       191.247       34.2477       92.2079           103             2             0             0           101
           512    4.6355e-05       2.99993        51.339       141.356            60             1             0             0            59
           512    4.6355e-05       17.4945       89.9803       73.4754           104             2             1             0           101
           512    4.6355e-05            26       53.7936       69.3649            64             1             0             0            63
           512    4.6355e-05       28.0797       188.183       136.103           129             3             0             0           126
           512    4.6355e-05       28.4744       65.9486       9.33337            79             1             0             0            78
           512    4.6355e-05       37.0742        10.562       43.9422           121             0             0             0           121
           512    4.6355e-05       49.3333       49.0984       179.583           135             1             2             0           132
           512    4.6355e-05       53.6842       48.6841        86.237            39             1             0             0            38
           512    4.6355e-05       78.6745        140.14       159.093            43             0             0             0            43
           512    4.6355e-05         78.95         145.2         84.25            20             0             0             0            20
           512    4.6355e-05       82.0804       59.5235       124.208           150             1             0             0           149
           512    4.6355e-05       92.8462       142.357       143.972           148             4             0             1           143
           512    4.6355e-05       104.546       7.14552       139.491            56             1             0             0            55
           512    4.6355e-05       105.484       90.6344       26.7098            96             3             0             0            93
           512    4.6355e-05       127.309       81.6474        3.3823            68             0             0             0            68
           512    4.6355e-05       151.932       140.356        36.041            73             0             0             0            73
           512    4.6355e-05       157.957       15.7132       167.665           167             3             0             0           164
           512    4.6355e-05       171.485       138.731       35.4836            97             4             0             0            93
           512    4.6355e-05       177.019       101.779       40.0453           158             3             0             1           154
           514   5.04424e-05       191.579       34.6586       92.1826           130             4             0             0           126
           514   5.04424e-05      0.220599       50.6912       142.147            68             0             0             0            68
           514   5.04424e-05       20.2735       92.4907       74.2358           107             1             0             0           106
           514   5.04424e-05       25.7795       53.6233       70.3116            80             3             0             0            77
           514   5.04424e-05       27.8853       64.4582       8.14571            99             3             0             0            96
           514   5.04424e-05       29.2929       188.843       136.221           141             1             0             0           140
           514   5.04424e-05       37.0526       11.8193       45.6923           138             5             0             0           133
           514   5.04424e-05       49.6184       49.4672        179.29           155             1             1             1           152
           514   5.04424e-05       54.6863       48.0392       85.1569            51             0             0             0            51
           514   5.04424e-05       73.7186       139.656        79.875            33             1             0             0            32
           514   5.04424e-05            75       139.472       156.377            54             1             0             0            53
           514   5.04424e-05       82.4915       59.9653       126.538           175             2             0             0           173
           514   5.04424e-05       93.4851       142.623       143.922           169             1             0             0           167
           514   5.04424e-05           103       6.89723       138.618            68             0             0             0            68
           514   5.04424e-05       104.037       91.5516       26.5044           111             4             0             0           107
           514   5.04424e-05       127.385       81.1648       4.72524            93             2             0             0            91
           514   5.04424e-05       150.793       140.988       36.2561            84             2             0             0            82
           514   5.04424e-05       156.561       15.2949       167.225           178             5             0             0           173
           514   5.04424e-05       172.577       140.495       36.6287           101             4             0             0            97
           514   5.04424e-05       177.017       101.972       40.6411           186             4             1             0           181
           516   5.45482e-05       191.567       35.6718        91.791           136             2             0             0           134
           516   5.45482e-05       190.892       50.3133       142.301            84             0             1             0            83
           516   5.45482e-05       20.8889       91.3504       74.7008           118             1             0             0           117
           516   5.45482e-05       26.8022       55.6154       71.8682            93             2             0             0            91
           516   5.45482e-05       27.7778         65.01       7.86871           100             1             0             0            99
           516   5.45482e-05       30.1624       189.756       137.913           162             2             0             0           160
           516   5.45482e-05       35.5539        11.108       44.7706           151             3             0             0           148
           516   5.45482e-05       49.7929       49.5089       178.734           172             3             0             0           169
           516   5.45482e-05        50.985       48.1514       83.1515            66             0             0             0            66
           516   5.45482e-05       75.5847       140.954       157.984            65             0             0             0            65
           516   5.45482e-05       75.3947       138.079       78.9737            40             2             0             0            38
           516   5.45482e-05         82.28         58.65       125.825           204             4             0             0           200
           516   5.45482e-05       93.4917       142.983       143.788           183             4             0             0           179
           516   5.45482e-05       102.208       5.85709       136.831            78             1             0             0            77
           516   5.45482e-05       104.829       91.7072       28.0731           126             3             0             0           123
           516   5.45482e-05        128.63       82.3099       5.81994           103             3             0             0           100
           516   5.45482e-05       150.829       142.222       37.4344           101             2             0             0            99
           516   5.45482e-05       156.482       14.8309       168.433           209             8             0             0           201
           516   5.45482e-05        173.29       141.224       37.5607           110             3             0             0           107
           516   5.45482e-05       176.947       102.471        40.037           195             3             2             1           189
           518   5.86847e-05       191.481       33.9358       90.9617           157             1             0             0           156
           518   5.86847e-05        191.67       50.5713        145.22            93             2             0             0            91
           518   5.86847e-05       20.5873       90.7479       74.5384           143             0             0             0           143
           518   5.86847e-05       27.4546       57.7174        71.495           101             2             0             0            99
           518   5.86847e-05       28.3271       64.9532       7.59804           108             1             0             0           107
           518   5.86847e-05       30.7262       190.492       138.464           188             7             1             1           179
           518   5.86847e-05       36.8023       11.1334       44.0932           173             1             0             0           172
           518   5.86847e-05       50.4947       49.6033       178.728           185             0             1             0           184
           518   5.86847e-05       51.6753       46.6495         82.87            79             2             0             0            77
           518   5.86847e-05        74.828       138.516       157.365            94             1             0             0            93
           518   5.86847e-05       76.5516       140.965       80.8621            59             1             0             0            58
           518   5.86847e-05       83.4121       59.6446       127.251           219             6             2             0           211
           518   5.86847e-05       93.0609       143.345       144.208           202             2             3             0           197
           518   5.86847e-05       101.759       5.58613       136.517            89             2             0             0            87
           518   5.86847e-05       103.815       90.6298       26.4519           144             9             0             0           135
           518   5.86847e-05       128.944       83.3201       5.72812           126             1             0             0           125
           518   5.86847e-05       150.354       140.536       36.7636           112             2             0             0           110
           518   5.86847e-05       156.577       14.6539       167.692           215             6             0             1           208
           518   5.86847e-05        173.57        141.43       37.3422           115             1             0             0           114
           518   5.86847e-05       176.602       101.852       40.1342           220             4             0             0           216
           520   6.28517e-05       190.088       32.8619        90.641           186             4             0             1           181
           520   6.28517e-05       189.637       49.5587       143.735           102             0             0             0           102
           520   6.28517e-05       21.2693       91.3113       73.7668           171             4             0             0           167
           520   6.28517e-05       30.5207       189.791       137.796           201             4             1             0           196
           520   6.28517e-05       29.5514       59.1682       72.0094           108             1             0             0           107
           520   6.28517e-05        29.319       67.3276       10.7327           119             3             0             0           116
           520   6.28517e-05       36.4682       10.2552       43.7818           192             3             1             0           188
           520   6.28517e-05       51.1544       49.5514       179.916           219             4             0             0           214
           520   6.28517e-05       52.2274       48.7954       82.4887            90             2             0             0            88
           520   6.28517e-05       75.3009       138.359       156.728           109             6             0             0           103
           520   6.28517e-05       75.6026       142.256       81.5257            80             2             0             0            78
           520   6.28517e-05       84.0719       61.1492       127.553           225             4             0             0           221
           520   6.28517e-05       93.3636       143.364       144.067           214             4             1             0           209
           520   6.28517e-05       101.979         4.536       136.083            98             1             0             0            97
           520   6.28517e-05       102.529       90.3871       26.4193           159             4             0             0           155
           520   6.28517e-05       129.359       83.9581       5.92263           146             3             1             0           142
           520   6.28517e-05       151.149       141.992       36.8512           126             5             0             0           121
           520   6.28517e-05       156.294       13.9182       167.371           254             7             0             1           245
           520   6.28517e-05       172.489       140.432       35.8202           143             4             0             0           139
           520   6.28517e-05       176.782        102.15       40.5898           237             2             0             1           234
           522   6.70557e-05       189.699       32.5628       90.0603           206             7             0             0           199
           522   6.70557e-05       190.705       49.3302       141.777           114             2             0             0           112
           522   6.70557e-05       21.8977       93.7958       75.3442           192             5             0             1           186
           522   6.70557e-05         27.75       65.7726       7.93922           133             1             0             0           132
           522   6.70557e-05       28.7956       58.2361       72.7638           129             2             0             0           127
           522   6.70557e-05       30.3043       189.947        137.48           232             4             1             0           227
           522   6.70557e-05       36.0332       10.7096       43.0141           216             4             2             0           210
           522   6.70557e-05       51.2085       49.6304        179.88           223             7             0             0           216
           522   6.70557e-05       52.6115       48.9326       82.3495           105             2             0             0           103
           522   6.70557e-05       75.3144       136.533       156.638           106             1             0             0           105
           522   6.70557e-05       75.2652       142.174       82.4285           101             2             0             1            98
           522   6.70557e-05       83.6152       60.1087       127.623           247             7             1             0           239
           522   6.70557e-05       92.8803       143.392       143.431           215             5             1             0           209
           522   6.70557e-05       102.834       90.2364       27.0531           176             7             0             0           169
           522   6.70557e-05       101.778       4.60175       136.944           111             3             0             0           108
           522   6.70557e-05        130.48        83.858       7.44618           151             3             0             0           148
           522   6.70557e-05       151.507       142.911       37.5299           138             4             0             0           134
           522   6.70557e-05       157.227       14.2044       167.515           274             9             1             0           264
           522   6.70557e-05       172.304       140.429       36.2853           159             5             0             0           154
           522   6.70557e-05       176.733       102.259       39.9384           246             3             0             0           243
           524   7.12901e-05       189.181       32.3925       90.1378           241             7             2             0           232
           524   7.12901e-05       190.767       48.3497       141.217           123             3             0             0           120
           524   7.12901e-05       22.6474       93.9759       76.1353           214             7             0             0           207
           524   7.12901e-05       27.5897       57.1581       72.1945           142             3             0             0           139
           524   7.12901e-05       27.9152       65.2767       8.10785           132             2             0             0           130
           524   7.12901e-05       30.7589       190.523       138.053           256            11             0             0           245
           524   7.12901e-05       36.2164       10.0469        43.238           237             5             1             0           231
           524   7.12901e-05       51.4549       50.0561       179.893           236             2             1             0           233
           524   7.12901e-05       52.1196       49.2141       82.7694           119             2             0             0           117
           524   7.12901e-05       73.2881        136.61       154.703           119             1             0             0           118
           524   7.12901e-05       76.4073       143.111       83.8241           111             3             0             0           108
           524   7.12901e-05       83.4032       59.9678       128.133           252             4             0             0           248
           524   7.12901e-05       93.9701       143.812       144.368           240             5             0             0           234
           524   7.12901e-05       101.527       3.89296       137.143           114             2             0             0           112
           524   7.12901e-05       102.681       89.3349       27.7821           186             7             0             0           179
           524   7.12901e-05       129.912       82.2512       5.88328           172             1             0             0           171
           524   7.12901e-05        151.91       143.058        38.174           160             5             0             0           155
           524   7.12901e-05        156.11       13.1386        167.31           287             4             2             0           281
           524   7.12901e-05       173.626       140.552       36.1777           165             2             0             0           163
           524   7.12901e-05       176.816       101.872       38.9887           277             9             1             1           266
           526   7.55554e-05       188.143       32.0853       89.8453           268             7             1             1           259
           526   7.55554e-05       188.869       47.8321       142.314           139             2             0             0           137
           526   7.55554e-05       22.6842       93.5262       76.6842           236             8             0             0           228
           526   7.55554e-05       28.1712       56.5853        72.217           159             7             0             0           152
           526   7.55554e-05       29.4651       67.1122       9.81663           146             4             0             0           142
           526   7.55554e-05       29.9369        190.71       137.729           275             6             0             0           269
           526   7.55554e-05       36.7098       10.0276       43.8507           262             7             0             0           255
           526   7.55554e-05        52.196       50.2529       179.976           251             6             0             0           245
           526   7.55554e-05       53.1559       49.0411        84.508           124             1             1             0           122
           526   7.55554e-05       73.7461       136.223       154.277           132             2             0             0           130
           526   7.55554e-05       75.3827       143.578       83.7971           131             3             0             0           128
           526   7.55554e-05       83.6934       59.8214       128.004           286            12             0             0           274
           526   7.55554e-05        92.992       144.631       144.866           254             6             1             0           247
           526   7.55554e-05         102.5        88.984       27.7293           196             4             0             0           192
           526   7.55554e-05       102.164       4.75421       139.221           125             3             0             0           122
           526   7.55554e-05       130.989       83.6591       6.41351           183             3             1             0           179
           526   7.55554e-05       152.311           143            39           172             5             0             0           167
           526   7.55554e-05       156.086       12.9468       167.385           307             6             0             0           301
           526   7.55554e-05       173.585       140.804       36.5356           187             4             0             0           183
           526   7.55554e-05       176.322       101.627       39.1163           298             6             0             0           292
           528   7.98611e-05       188.688       33.3052       89.8492           278             4             2             0           272
           528   7.98611e-05       188.143       46.2582       141.334           152             4             1             0           147
           528   7.98611e-05       21.8154       92.3907       76.8067           241             6             2             0           233
           528   7.98611e-05       26.3597       55.2989       70.8049           167             2             0             1           164
           528   7.98611e-05       30.5994       191.185       137.952           297             5             0             0           292
           528   7.98611e-05       29.9933       67.4077       10.1468           160             3             0             0           157
           528   7.98611e-05       36.7116       9.62187       43.1794           273             6             0             0           267
           528   7.98611e-05       52.0303       51.0225       180.756           272             6             0             0           266
           528   7.98611e-05       53.8431        48.888       84.0005           136             2             0             0           134
           528   7.98611e-05       75.2235       137.588       155.149           152             4             0             0           148
           528   7.98611e-05       75.2271       142.525       84.6243           144             3             0             0           141
           528   7.98611e-05       82.9767        59.339        128.03           305             8             2             0           295
           528   7.98611e-05       93.4922       145.117       144.477           264             5             1             0           258
           528   7.98611e-05       101.143       4.77865       137.572           145             4             1             0           140
           528   7.98611e-05       102.281       88.2212       27.5278           201             2             0             0           199
           528   7.98611e-05       130.146       83.4712         4.979           195             2             1             1           191
           528   7.98611e-05       153.218        142.24       38.4917           188             6             2             0           179
           528   7.98611e-05       156.191       12.9967       166.661           329            10             0             0           319
           528   7.98611e-05       172.115       117.923       173.462            26             0             0             0            26
           528   7.98611e-05       174.392       141.062       37.1804           199             5             0             0           194
           528   7.98611e-05       176.221       101.573       38.7653           319             8             3             1           307
           530   8.42051e-05       187.962       32.2759       89.4761           295             5             0             0           290
           530   8.42051e-05       189.149         47.13       143.039           157             3             0             0           154
           530   8.42051e-05       21.3687       91.3443       76.1105           252             6             1             1           244
           530   8.42051e-05       25.8235       55.6057       70.6412           172             1             1             0           170
           530   8.42051e-05       29.3632       67.0179       10.5178           178             9             1             0           168
           530   8.42051e-05         30.13        191.27       137.649           320            10             1             1           308
           530   8.42051e-05       36.8879        9.6386       42.9966           291             5             1             0           285
           530   8.42051e-05       52.3006       51.1996       180.602           296             9             0             1           286
           530   8.42051e-05       53.9935       47.6818       84.0715           159             5             0             0           154
           530   8.42051e-05       73.4998       136.349       153.832           170             4             0             0           166
           530   8.42051e-05       76.6307       141.778       85.9532           150             0             1             0           149
           530   8.42051e-05       83.8928       59.7005       128.341           327             9             0             1           317
           530   8.42051e-05       94.2255       144.989       144.131           285             9             0             1           275
           530   8.42051e-05       100.567       3.36944       137.242           160             3             0             0           157
           530   8.42051e-05       102.314       88.2965       27.3006           230             3             1             0           226
           530   8.42051e-05       129.234       82.9268       4.20505           212             6             0             1           205
           530   8.42051e-05       154.079       143.394       38.7342           208             4             1             0           203
           530   8.42051e-05       156.414       12.1731        167.22           357             9             2             0           346
           530   8.42051e-05       174.657       141.843       37.4312           209             5             0             0           204
           530   8.42051e-05       176.714       101.896       38.3829           341            12             0             0           329
           530   8.42051e-05        173.75       117.219       171.031            32             0             0             0            32
           532   8.85942e-05       187.501       32.0953       89.2774           312             7             1             1           303
           532   8.85942e-05       190.066       48.5414       143.429           173             5             0             0           168
           532   8.85942e-05       21.7992        91.595       75.6665           274             9             1             0           264
           532   8.85942e-05        25.309       55.8875       70.5674           183             5             0             0           178
           532   8.85942e-05       29.4187       65.9477       10.2675           173             1             0             0           172
           532   8.85942e-05       30.1796       191.226       138.198           329             6             0             0           323
           532   8.85942e-05       35.6505        8.2277       42.3596           310             5             2             0           303
           532   8.85942e-05       52.7282       51.1643       180.329           308            10             0             0           298
           532   8.85942e-05        54.054        47.163       84.2447           189             5             0             0           184
           532   8.85942e-05       73.0644       137.129       153.304           175             3             1             0           171
           532   8.85942e-05       76.3294       139.814       84.3177           172             5             0             0           167
           532   8.85942e-05       84.6185       59.6925       128.224           344             6             2             1           335
           532   8.85942e-05       94.7222           145       144.514           298             5             1             0           292
           532   8.85942e-05       100.597       4.08069       137.987           150             1             0             0           149
           532   8.85942e-05       101.865       88.8186        26.987           242             4             0             1           237
           532   8.85942e-05       129.828       84.2642       4.99575           221             4             1             0           216
           532   8.85942e-05        153.68       144.057       39.5601           215             5             0             1           209
           532   8.85942e-05       156.493       12.0321       166.818           380            10             0             1           369
           532   8.85942e-05       174.421       142.583       36.8289           224             8             0             0           216
           532   8.85942e-05        177.32       102.407        38.867           362             8             0             0           354
           532   8.85942e-05        172.85        114.55         167.7            40             0             0             0            40
           534   9.30182e-05       187.845       32.4527       88.8987           325             9             0             0           316
           534   9.30182e-05       190.214        48.646       143.708           182             4             0             0           178
           534   9.30182e-05       22.5806       92.2624       75.9756           295             8             1             0           286
           534   9.30182e-05       24.6714       55.0687       69.8731           193             4             0             0           189
           534   9.30182e-05        30.426       191.498       138.158           359            15             0             1           343
           534   9.30182e-05       29.9315       65.7776        9.6875           192             1             1             1           189
           534   9.30182e-05       35.2297       8.10509       42.4301           326            11             0             1           314
           534   9.30182e-05       52.4517       52.0415       180.604           321             8             2             1           310
           534   9.30182e-05       54.7448       47.5939       85.0989           195             3             0             0           192
           534   9.30182e-05       73.5487       137.364       153.626           202             7             0             0           195
           534   9.30182e-05       78.6186       143.083       87.1492           184             2             1             0           181
           534   9.30182e-05       84.0891       59.4682       128.273           374            11             2             1           359
           534   9.30182e-05       95.3117       145.034        144.23           294             2             0             0           292
           534   9.30182e-05       99.5264        3.7219       136.604           173             4             0             0           169
           534   9.30182e-05       101.992        88.544       26.8547           254             6             0             0           248
           534   9.30182e-05       129.392       84.5239       5.14992           236             7             1             1           227
           534   9.30182e-05        153.12       143.235       38.6153           236            10             0             0           226
           534   9.30182e-05       156.619       12.1809       167.357           385            10             0             0           375
           534   9.30182e-05       174.361        142.15        36.612           235             7             1             0           227
           534   9.30182e-05       176.623       101.778       38.0117           378            16             1             0           361
           534   9.30182e-05       176.357       115.048       170.476            42             0             0             0            42
           536   9.74969e-05       187.818       32.2159       89.1542           338            14             0             0           324
           536   9.74969e-05       189.685       49.1204       143.613           199             8             0             0           191
           536   9.74969e-05       22.1268       92.4301        75.746           313             6             0             0           307
           536   9.74969e-05       25.3856       55.1908       71.7523           212             2             0             0           210
           536   9.74969e-05        30.485        191.56       139.207           369            10             0             0           359
           536   9.74969e-05       30.3094       66.4057       9.44916           211             3             1             0           207
           536   9.74969e-05       34.3904       6.98529       42.1506           356             9             1             0           346
           536   9.74969e-05       52.7226       52.3395       180.707           331             5             1             1           324
           536   9.74969e-05       54.8492        47.784       85.2011           203             3             1             0           199
           536   9.74969e-05       74.6547       137.523       154.701           202             5             0             0           197
           536   9.74969e-05        77.611       142.798       86.8654           199             4             2             0           193
           536   9.74969e-05       84.3075       59.2129       128.774           385            14             0             0           371
           536   9.74969e-05       95.4442       145.234       144.425           329             8             0             1           320
           536   9.74969e-05       99.7651       5.10349       137.601           189             6             0             0           183
           536   9.74969e-05       102.216       88.4774        26.759           281             7             0             0           274
           536   9.74969e-05       129.841       84.1631       5.44646           255             8             1             0           246
           536   9.74969e-05       152.722       142.816       38.3648           248             4             0             0           244
           536   9.74969e-05         156.3       12.1172       166.842           385            10             0             1           374
           536   9.74969e-05       173.775       141.132       35.6062           245             9             0             0           236
           536   9.74969e-05       176.807       102.676       38.7185           385            11             0             1           373
           536   9.74969e-05       173.804       116.283       169.456            47             1             0             0            46
           538    0.00010202       187.418       31.7445       88.2753           364            12             0             0           352
           538    0.00010202       188.455       48.8262       143.123           220             6             1             0           213
           538    0.00010202       22.4827       92.4157       76.0183           333             6             2             0           325
           538    0.00010202       24.1196       55.7473       70.6237           223             5             0             0           218
           538    0.00010202       29.1276       65.7939       8.63953           223             4             0             0           219
           538    0.00010202       30.2139       191.494       139.003           381            11             0             0           370
           538    0.00010202       34.4813        7.2675       42.6478           368            13             0             0           355
           538    0.00010202       52.2203        53.082       180.501           356            11             0             0           345
           538    0.00010202       55.2779       49.1206       85.7455           221             5             0             0           216
           538    0.00010202       74.4766       137.278       154.481           216             3             1             0           212
           538    0.00010202       77.6996       143.734       87.2613           207             4             0             0           203
           538    0.00010202       83.9096       59.5326       129.039           395             6             2             0           387
           538    0.00010202        95.443       145.033         144.1           341             9             0             0           332
           538    0.00010202       99.7777       4.07935       137.334           198             6             2             1           189
           538    0.00010202       101.713       88.5085       26.9759           303            10             0             0           293
           538    0.00010202       130.217       84.3262       5.38208           273             5             0             1           267
           538    0.00010202       152.456       143.373       38.5399           269             5             0             1           263
           538    0.00010202       156.487       11.9058       166.942           401             5             1             1           394
           538    0.00010202       169.186       117.848       166.831            60             1             0             0            59
           538    0.00010202       173.872       140.651       35.7431           251             2             0             0           249
           538    0.00010202       175.969       101.676       37.8824           392             8             0             1           383
           540   0.000106596       187.076       31.4514       87.9395           379            11             0             0           368
           540   0.000106596       189.175       49.2532       143.668           238             9             0             0           229
           540   0.000106596       22.9856       92.4465       75.6667           366            12             0             0           354
           540   0.000106596       24.5463       55.7355       71.3173           233             6             0             0           227
           540   0.000106596       29.8616        66.186       8.12148           235             4             0             0           231
           540   0.000106596       31.0188     0.0457117       138.735           383             8             0             1           374
           540   0.000106596         33.77       6.79182       42.4108           382            11             1             0           370
           540   0.000106596        52.758       52.8354       180.552           359             8             0             0           351
           540   0.000106596       55.5134       48.5001        85.759           227             3             0             0           224
           540   0.000106596       74.3693       137.613       154.586           228             5             0             0           222
           540   0.000106596       77.1661       141.701         86.46           216             4             1             0           211
           540   0.000106596       83.7333       59.9999       129.381           428            15             0             0           413
           540   0.000106596       94.9339       145.297       143.833           356             8             0             1           347
           540   0.000106596       99.6255       3.73441       136.995           209             4             1             1           203
           540   0.000106596       101.632       88.6263       26.7774           312             7             0             0           305
           540   0.000106596       130.878       85.1443       6.07464           282            11             1             0           270
           540   0.000106596        152.51       142.956       38.7639           283            12             0             0           271
           540   0.000106596       156.603       12.0572       166.694           434            16             2             1           415
           540   0.000106596       165.218       21.6521       174.218            23             0             0             0            23
           540   0.000106596       170.742       120.652       169.242            66             0             0             0            66
           540   0.000106596       173.412       140.935       35.1102           248             3             0             0           245
           540   0.000106596       176.151       101.653       37.6428           399             7             0             0           392
           542    0.00011122       186.338       31.4428       87.9541           387            11             3             0           373
           542    0.00011122        188.62        49.371       143.725           234             4             1             0           229
           542    0.00011122        23.055       92.3944       76.2313           358             7             0             1           350
           542    0.00011122       24.2554       55.9524       70.9047           237             6             0             0           231
           542    0.00011122       30.0778       66.3916       7.72673           254             9             0             0           245
           542    0.00011122       30.4674       191.932       138.621           396             9             2             2           383
           542    0.00011122       33.2607       6.31854       42.6867           408            12             0             0           395
           542    0.00011122       52.7325       52.9597       180.684           383            11             2             0           370
           542    0.00011122        55.098       47.6337       85.3364           242             4             1             2           235
           542    0.00011122       73.8026       138.075        154.86           231             2             1             0           228
           542    0.00011122       77.7052       141.955       87.3839           230             6             0             0           224
           542    0.00011122         83.27       58.7323       129.377           439            17             0             0           422
           542    0.00011122       94.5414        145.83       144.283           389            14             0             0           375
           542    0.00011122       99.8695       3.70265       135.919           230             8             0             0           222
           542    0.00011122       101.949       88.8621       27.6106           325            12             2             0           311
           542    0.00011122         121.5       31.0909       59.7727            22             0             0             0            22
           542    0.00011122       130.336       85.0521       5.79559           299             9             1             0           289
           542    0.00011122       152.443       143.237        39.348           293             6             0             0           287
           542    0.00011122       156.254       11.3648       166.449           447            14             0             0           433
           542    0.00011122       173.724       141.403       35.4028           275             6             0             0           268
           542    0.00011122       171.014       118.986       168.397            74             1             0             0            73
           542    0.00011122       176.561        101.79       37.7443           411            10             0             2           399
           544   0.000115895       185.985       30.5984       87.4091           407             8             3             0           396
           544   0.000115895       189.169        49.144       143.272           249             6             0             0           243
           544   0.000115895       23.7936       92.4987       76.2397           378             9             1             1           367
           544   0.000115895       23.7199       56.6007       70.5064           249             3             3             0           243
           544   0.000115895       30.1373       66.4112       8.00369           279             7             1             1           270
           544   0.000115895       30.4244       191.898       138.537           404            10             2             1           391
           544   0.000115895       34.3344        6.7926       43.0022           425            14             1             0           410
           544   0.000115895       52.6258       52.7993        180.17           412            17             1             0           393
           544   0.000115895       54.7668       46.2173       83.8189           257             6             2             0           249
           544   0.000115895       73.5163       137.542       153.682           249             6             1             0           242
           544   0.000115895       78.7037       142.961       87.7084           240             6             0             1           233
           544   0.000115895       83.7002       59.1099       129.696           446            17             2             0           427
           544   0.000115895       95.1938       145.961       144.559           398             9             0             1           388
           544   0.000115895       99.7092       3.82924       136.342           243             8             1             0           234
           544   0.000115895       101.486       88.1662       27.2192           352            15             0             0           337
           544   0.000115895       122.688       36.2188       59.0312            32             0             0             0            32
           544   0.000115895       130.882       85.7422       6.49004           317             9             1             0           306
           544   0.000115895       152.761       143.463       39.5777           306             7             1             0           298
           544   0.000115895       157.158       11.3052       166.793           438             8             1             0           429
           544   0.000115895       167.909       119.148       165.568            88             0             0             0            88
           544   0.000115895        174.24       142.034       36.0758           300             9             0             0           291
           544   0.000115895       175.888       101.112       37.3765           427            14             1             0           412
           546    0.00012063       185.548       30.3253       86.7452           438             8             1             1           428
           546    0.00012063       189.876        49.467        143.42           262             4             0             1           257
           546    0.00012063       23.8125       92.9796       76.6621           407            13             0             0           394
           546    0.00012063       24.7794       57.2323       71.4447           260             4             2             0           254
           546    0.00012063       29.7769       191.641        138.52           425            17             3             0           404
           546    0.00012063       30.1874       65.8712       8.05181           282             9             1             0           272
           546    0.00012063       33.8848       6.42244       42.7562           444            18             0             0           426
           546    0.00012063       52.3558       52.7043       180.062           412            13             0             0           399
           546    0.00012063       55.2539       47.1904       84.8248           278             9             1             0           268
           546    0.00012063       73.2997       137.568       153.913           271             5             1             1           264
           546    0.00012063        79.082       142.426       87.6722           253             8             1             0           244
           546    0.00012063       83.2065       58.4585       129.598           456             9             2             0           445
           546    0.00012063       95.0072       146.005       144.171           414            10             0             1           403
           546    0.00012063       99.4585       3.99646       136.425           248             6             0             0           242
           546    0.00012063       101.168       87.9648       27.5514           345             5             0             1           339
           546    0.00012063       124.391       32.0437       63.5217            46             0             0             0            46
           546    0.00012063       131.349       85.8708       6.53371           317             6             1             1           309
           546    0.00012063       152.532       143.561       40.0227           320             8             0             0           312
           546    0.00012063       157.116       11.5395       166.407           440             7             0             1           432
           546    0.00012063       170.543       121.043       166.685            93             0             0             0            92
           546    0.00012063       174.406       141.269       35.6812           305             7             0             0           298
           546    0.00012063       175.833       101.105       37.1713           455            16             1             0           438
           548   0.000125437       185.183       29.9077       86.4504           454            18             1             0           435
           548   0.000125437       189.571        49.778       143.873           263             1             0             1           261
           548   0.000125437       23.8969       92.8033       76.7706           410            10             2             1           397
           548   0.000125437       24.3698        56.978       72.0076           276             5             1             0           270
           548   0.000125437       29.9353       65.5648       8.02029           302             8             0             0           294
           548   0.000125437       29.9953     0.0626203       138.678           433            17             0             0           416
           548   0.000125437       34.0764       6.41968       42.8052           465             7             0             1           457
           548   0.000125437       52.5432       53.5087       180.494           410             1             2             0           407
           548   0.000125437       54.6258       46.4603       84.1296           281             3             0             0           278
           548   0.000125437       73.7607       137.798       154.007           278             6             0             0           272
           548   0.000125437       78.0423       142.965       87.7105           264             4             1             0           259
           548   0.000125437       83.3556        58.964       130.146           458            10             1             0           447
           548   0.000125437       95.2089       145.926       144.062           418            11             0             0           407
           548   0.000125437        99.874       4.50753       137.278           278             8             0             0           270
           548   0.000125437       101.279        87.714       27.8252           367            12             0             1           354
           548   0.000125437       120.471       26.8039       57.3334            52             1             0             0            51
           548   0.000125437       131.722       85.5833       6.41064           340             8             1             0           331
           548   0.000125437         152.5       143.453       40.1888           329            11             0             0           318
           548   0.000125437       156.523       10.9848       165.464           476            11             0             0           465
           548   0.000125437       172.185       123.019        167.67           104             1             0             0           103
           548   0.000125437       174.438       141.423       35.8302           332             7             1             0           324
           548   0.000125437       175.857       101.376       36.5056           452            10             2             1           439
           550     0.0001303       189.376        49.748       143.376           273             7             0             0           266
           550     0.0001303       23.8104        93.233       76.5237           420            13             0             0           407
           550     0.0001303       24.3762       57.3307       71.9096           275             9             0             0           266
           550     0.0001303       30.5268       65.9938       8.73183           327            10             0             0           317
           550     0.0001303       30.0249      0.567821        138.72           448             6             0             0           442
           550     0.0001303        33.635       5.99136       42.1332           477            11             0             0           466
           550     0.0001303       51.4934       53.3082       180.084           430             8             2             1           419
           550     0.0001303       54.5381         46.83       84.8436           298            10             0             0           288
           550     0.0001303       73.7714       137.655       153.584           294             9             1             0           284
           550     0.0001303       78.0957       142.228       87.3606           280             7             1             0           272
           550     0.0001303       83.2841       58.7315       130.086           454             8             2             0           444
           550     0.0001303       95.2941       145.975       144.474           418            10             0             0           408
           550     0.0001303       99.2834       4.36646       136.978           285             6             0             0           279
           550     0.0001303       100.795       87.3388        27.219           366             9             0             0           357
           550     0.0001303         123.7        29.243       60.8287            73             3             0             0            70
           550     0.0001303       132.107       85.4733       6.29461           351            14             0             1           336
           550     0.0001303       152.552       144.072       40.4799           335            12             2             0           321
           550     0.0001303       156.277       10.8197       165.667           494            17             0             0           477
           550     0.0001303       171.195       121.213        167.62           111             3             0             0           108
           550     0.0001303       174.715       142.218       36.5878           348            18             0             0           330
           550     0.0001303       175.786       100.915       36.3721           445            10             0             0           435
           550     0.0001303       185.168       29.6163       86.5089           463            17             0             0           446
           552   0.000135227       189.196       49.9405       143.485           294             7             2             0           285
           552   0.000135227       24.1746       92.9296       76.9884           428            13             1             2           412
           552   0.000135227       24.0644       57.1735       70.8663           295             2             0             0           293
           552   0.000135227       30.2063       65.5874       8.16991           334             4             0             0           330
           552   0.000135227       29.5934      0.776141       139.437           471            11             0             0           460
           552   0.000135227       33.8615       6.46703       42.8388           502            16             2             0           484
           552   0.000135227       51.1124       53.4954        179.08           436             8             2             0           426
           552   0.000135227       54.9659        46.546       84.0615           301             7             1             0           293
           552   0.000135227       74.9622       137.763       154.202           300             8             1             0           291
           552   0.000135227       78.1872       143.141        87.361           286             8             1             0           277
           552   0.000135227       83.8586       59.5097       130.323           476            15             1             1           459
           552   0.000135227       95.7021       145.843       144.314           440            12             1             1           426
           552   0.000135227       99.7074       5.20431       137.465           289             5             0             0           284
           552   0.000135227       100.787       87.8114       27.2503           382             9             2             0           371
           552   0.000135227       123.377       29.1158       59.6232            72             2             1             0            69
           552   0.000135227       132.147       85.8085       6.70886           363             9             0             0           354
           552   0.000135227       151.788       143.618       39.9637           339             8             1             0           330
           552   0.000135227       156.229       10.6407       165.073           510            17             3             0           490
           552   0.000135227       167.646       118.646       164.151           113             0             0             0           113
           552   0.000135227       175.202       101.148       36.6586           460            12             1             1           446
           552   0.000135227       174.689       142.524       36.8323           344             8             0             2           334
           552   0.000135227       185.225       30.3602       86.2842           474            12             1             0           461
           554   0.000140226        189.37       49.2131       142.666           319            14             0             0           305
           554   0.000140226       23.7172       57.2378       70.7659           293             3             0             0           290
           554   0.000140226       24.4544       93.2284       77.2119           439            10             0             0           429
           554   0.000140226       30.3452       1.41656       139.433           477             8             1             2           466
           554   0.000140226       33.2471       5.84395       42.4109           503             7             1             1           494
           554   0.000140226       31.0662       66.2919       9.01517           340             7             1             0           332
           554   0.000140226       51.0108        54.029       180.091           464            15             0             1           448
           554   0.000140226       55.2218       46.7652       84.3033           314             6             0             1           307
           554   0.000140226       74.7726       137.823        153.81           305             9             1             1           294
           554   0.000140226       78.0593       143.212       87.4881           294             7             0             0           287
           554   0.000140226       84.0094       59.0762       130.136           485             5             0             1           479
           554   0.000140226       95.4633       145.673       143.345           460            14             1             1           444
           554   0.000140226       99.2125       4.47014        136.64           306             5             1             0           300
           554   0.000140226       100.834       87.7784       27.5273           391            11             0             1           379
           554   0.000140226       121.608       30.1139       61.0126            83             4             0             0            79
           554   0.000140226       132.212       86.1915        6.6279           383             9             0             0           373
           554   0.000140226       151.618       143.577       40.0209           353            12             0             0           341
           554   0.000140226       156.688       10.6751       165.681           512            10             0             0           502
           554   0.000140226       169.686       119.716       163.724           135             1             0             0           134
           554   0.000140226       174.594       142.737       36.7913           349             4             0             0           345
           554   0.000140226       175.385       101.621       36.5343           473            10             0             1           462
           554   0.000140226       184.981       30.6609        86.234           479            12             1             0           466
           556   0.000145293       189.473       49.4954       143.091           323             4             0             0           319
           556   0.000145293        24.137       93.0972       77.4562           439             7             0             0           432
           556   0.000145293       23.8598       57.7428       71.3291           314             7             0             0           307
           556   0.000145293       30.1374      0.972623       140.393           500            16             1             2           481
           556   0.000145293       31.3427       66.2595       10.3889           347             6             1             1           339
           556   0.000145293       33.0467       5.83265       42.4182           518             8             2             1           507
           556   0.000145293       51.5198       54.3244       180.851           478            15             0             1           462
           556   0.000145293       54.6379       46.5217       83.9068           306             3             0             2           301
           556   0.000145293       74.6732       138.376       153.974           316             6             0             1           309
           556   0.000145293       77.3993       142.567       86.8895           303             5             0             0           298
           556   0.000145293       84.0844       58.3562       130.155           509            10             0             2           497
           556   0.000145293       95.7789        146.42       143.831           479            15             2             0           462
           556   0.000145293       99.4567       5.01585       137.153           321             7             1             0           313
           556   0.000145293       100.633       86.9445       26.8365           392            12             0             1           379
           556   0.000145293       120.824       27.7177       58.6704            86             1             0             0            85
           556   0.000145293       131.483       86.7223       6.23343           386             9             0             0           377
           556   0.000145293       151.488       143.826       39.7418           363             7             0             0           356
           556   0.000145293       156.445       10.1647       165.452           532            15             0             2           515
           556   0.000145293       169.679       121.075       164.612           138             4             0             0           134
           556   0.000145293       174.719       142.625       36.6415           366            16             1             0           349
           556   0.000145293       175.299        101.85       36.6103           493            13             0             2           478
           556   0.000145293       184.437       30.1851       86.2265           494            15             1             0           478
           558   0.000150424       189.703       49.5933       143.134           341             9             1             1           330
           558   0.000150424       24.0483       93.7681       77.8957           448            10             1             0           437
           558   0.000150424       23.9274        57.341       71.5391           322             4             1             0           317
           558   0.000150424       30.2277       1.49435       140.096           508            10             1             0           496
           558   0.000150424       32.6738        6.3425       42.8783           551            15             2             0           534
           558   0.000150424       31.8253       66.4764       9.87877           346             7             0             0           338
           558   0.000150424       50.7838       54.4589       180.729           500            18             0             0           482
           558   0.000150424       54.3896       46.1257       83.5348           324             6             0             0           318
           558   0.000150424       76.5304       142.428       86.6872           322             8             1             0           313
           558   0.000150424       75.2065       139.151        154.31           319             8             1             0           310
           558   0.000150424       84.1343        58.478       129.946           514            11             0             1           502
           558   0.000150424       96.0526       146.662       144.231           487            10             1             0           476
           558   0.000150424       99.0585       4.65753       137.065           333             9             0             0           324
           558   0.000150424       100.848       87.1889       27.3729           395            12             2             0           381
           558   0.000150424       123.848       28.7827       61.7499            94             2             0             0            92
           558   0.000150424       131.517       86.6142       5.90988           398             6             0             1           391
           558   0.000150424       151.506        143.13       39.7735           369             7             0             0           362
           558   0.000150424       156.342        9.8141        165.45           553            11             2             2           538
           558   0.000150424       170.604       120.479       164.431           146             2             0             0           144
           558   0.000150424       174.391       142.695       36.6941           371             9             0             2           360
           558   0.000150424       175.528       101.304       36.6276           498            15             2             0           481
           558   0.000150424       184.159       30.1397       86.2489           488             8             2             0           478
           560   0.000155622       189.513       49.3692       143.314           350             9             0             0           341
           560   0.000155622       23.0276       57.0486       70.7746           334             6             1             0           327
           560   0.000155622       24.2314       93.7069        78.039           457            15             1             0           441
           560   0.000155622       30.1406       1.39059       140.044           519             8             1             0           510
           560   0.000155622       32.9689       6.21562       42.7823           553            10             0             1           542
           560   0.000155622       31.6001       66.3516       9.56544           362            12             0             0           350
           560   0.000155622       51.1712       54.3059       180.579           494             8             0             2           484
           560   0.000155622         54.03       46.1255       84.2204           340             8             1             4           327
           560   0.000155622        74.947       138.923       154.298           332             9             0             0           322
           560   0.000155622       77.3063       142.603       87.1295           319             8             0             1           310
           560   0.000155622       83.8985       58.0573       129.744           539            13             3             0           523
           560   0.000155622        95.763       146.835       144.447           499             8             0             1           490
           560   0.000155622       98.8215       3.88431         136.8           343             6             1             0           336
           560   0.000155622       101.143       87.2649       28.1749           412            12             0             0           400
           560   0.000155622        123.64       28.7594         60.97           101             1             0             0           100
           560   0.000155622        132.42       87.0379        6.2154           405             7             0             0           398
           560   0.000155622       151.868       143.047       39.9083           377             6             0             0           371
           560   0.000155622       156.411       9.90008       165.351           561            10             0             1           550
           560   0.000155622       170.382       120.575       164.412           145             3             0             1           141
           560   0.000155622       174.565       142.925       36.4945           382            14             0             0           368
           560   0.000155622       175.468       101.287       36.6256           490            11             1             0           478
           560   0.000155622       184.104       30.0529       86.0651           499             6             1             0           491
