0  8.51788e-06  32.3803  0.435078  6.86969e+23  0.000236988
5  5.14644e-05  145.113  0.679535  1.45476e+24  0.00191212
10  9.59451e-05  259.12  0.840994  1.37394e+24  0.00342321
15  0.000141938  317.333  0.916427  1.33353e+24  0.00429916
20  0.000189114  374.541  0.9768  1.29312e+24  0.00504827
25  0.000237095  414.787  1.01096  1.29312e+24  0.00559664
30  0.000285642  458.5  1.04241  1.29312e+24  0.00613546
35  0.000335052  506.065  1.07706  1.29312e+24  0.00676775
40  0.000385186  549.364  1.1076  1.29312e+24  0.00735998
45  0.000435828  593.715  1.13768  1.29312e+24  0.00797606
50  0.000487289  645.242  1.16853  1.29312e+24  0.00864267
55  0.000539528  681.779  1.18846  1.29312e+24  0.00909233
60  0.000592338  719.67  1.21128  1.29312e+24  0.00962639
65  0.00064569  762.089  1.23307  1.29312e+24  0.0101552
70  0.000699438  800.896  1.25217  1.29312e+24  0.0106344
75  0.000753511  827.071  1.26835  1.29312e+24  0.0110521
80  0.000808031  863.158  1.28463  1.29312e+24  0.0114832
85  0.000862827  890.097  1.29773  1.29312e+24  0.011838
90  0.000918035  921.168  1.31113  1.29312e+24  0.0122085
95  0.000973481  961.865  1.3281  1.29312e+24  0.0126886
100  0.00102932  981.641  1.33794  1.29312e+24  0.0129728
105  0.00108537  1005.81  1.3478  1.29312e+24  0.0132618
110  0.00114186  1034.38  1.36103  1.29312e+24  0.0136561
115  0.00119875  1059.44  1.3717  1.29312e+24  0.0139799
120  0.00125567  1072.11  1.37435  1.29312e+24  0.014061
125  0.00131275  1097.78  1.38482  1.29312e+24  0.0143847