0  8.49823e-07  24.3728  0.408188  2.8287e+23  9.01222e-05
10  3.43667e-06  53.4012  0.500136  8.89018e+23  0.000475407
20  4.219e-06  62.1338  0.523351  1.05066e+24  0.000659466
30  4.75954e-06  64.8122  0.523194  1.25271e+24  0.000761032
40  5.18479e-06  71.8247  0.54102  1.13148e+24  0.000769615
50  5.52536e-06  77.5501  0.547212  1.2123e+24  0.000832081
60  5.83556e-06  78.0603  0.553008  1.17189e+24  0.000830173
70  6.10671e-06  79.6087  0.555006  1.29312e+24  0.000926018
80  6.38676e-06  82.7234  0.560975  1.33353e+24  0.000995636
90  6.61784e-06  87.0804  0.568109  1.37394e+24  0.00106478
100  6.83502e-06  89.43  0.566267  1.41435e+24  0.00107574
110  7.0501e-06  91.7069  0.574107  1.41435e+24  0.00112104
120  7.24067e-06  94.9477  0.579503  1.45476e+24  0.00119543
130  7.42992e-06  99.6036  0.593643  1.37394e+24  0.00121355
140  7.5999e-06  95.2849  0.573472  1.57599e+24  0.0012641
150  7.75599e-06  96.9183  0.577615  1.57599e+24  0.00128174
160  7.9016e-06  100.967  0.586542  1.53558e+24  0.00130749
170  8.05104e-06  104.65  0.60166  1.41435e+24  0.00129032
180  8.1964e-06  106.758  0.609126  1.41435e+24  0.0013485
190  8.33869e-06  107.151  0.60607  1.49517e+24  0.00139427
200  8.46983e-06  112.221  0.612953  1.45476e+24  0.00141287
210  8.58286e-06  115.771  0.617569  1.45476e+24  0.00144482
220  8.68576e-06  115.848  0.613183  1.53558e+24  0.0014925
230  8.80382e-06  114.072  0.61338  1.53558e+24  0.00148439
240  8.91322e-06  115.721  0.612014  1.6164e+24  0.00156164
