2  1.2584e-05  189.352  0.736819  8.08199e+22  0.000135422
4  2.10304e-05  281.771  0.777485  2.4246e+23  0.000524998
6  2.96107e-05  376.516  0.906352  4.04099e+23  0.00126028
8  3.84063e-05  565.716  1.05289  4.84919e+23  0.00237083
10  4.75644e-05  822.324  1.23817  4.84919e+23  0.00385571
12  5.72237e-05  1077.42  1.36206  5.25329e+23  0.0055604
14  6.74751e-05  1365.42  1.49537  5.25329e+23  0.00735807
16  7.84369e-05  1697.39  1.62124  5.25329e+23  0.009377
18  9.02482e-05  2010.39  1.72409  5.25329e+23  0.0112772
20  0.000103021  2331.37  1.81621  5.25329e+23  0.0131831
22  0.000116887  2627.05  1.89445  5.25329e+23  0.0149612
24  0.000131894  2923.04  1.96377  5.25329e+23  0.0166645
26  0.000148152  3172.15  2.01754  5.25329e+23  0.0180712
28  0.000165592  3401.55  2.06244  5.25329e+23  0.0193048
30  0.00018404  3568.88  2.09476  5.25329e+23  0.0202265
32  0.000203435  3718.4  2.12274  5.25329e+23  0.0210481
34  0.000223771  3834.29  2.1442  5.25329e+23  0.0216928
36  0.000244715  3915.94  2.15789  5.25329e+23  0.0221109
38  0.000266259  3991.72  2.1704  5.25329e+23  0.0224977
40  0.000288022  3994.03  2.17165  5.25329e+23  0.0225368
42  0.000310028  4025.76  2.17904  5.25329e+23  0.0227675
50  0.000399371  4104.16  2.18406  5.25329e+23  0.0229254
60  0.000510851  4202.59  2.18506  5.25329e+23  0.0229568
70  0.000623389  4328.67  2.18729  5.25329e+23  0.0230269
80  0.000735103  4460.86  2.24649  4.84919e+23  0.0230289
90  0.000847879  4576.81  2.24864  4.84919e+23  0.0230951
100  0.000961645  4645.94  2.24834  4.84919e+23  0.0230856
110  0.00107509  4783.26  2.24727  4.84919e+23  0.0230527
120  0.00118879  4998.34  2.25058  4.84919e+23  0.0231547
130  0.001303  5193.04  2.31366  4.44509e+23  0.0230603
140  0.00141699  5353.72  2.31625  4.44509e+23  0.023138